# 132 rows
9.999999974752427079e-07
7.999999797903001308e-04
1.000000047497451305e-03
1.999999949475750327e-04
5.000000074505805969e-02
9.999999747378751636e-05
4.999999873689375818e-06
5.000000237487256527e-04
1.000000047497451305e-03
4.999999888241291046e-03
1.000000047497451305e-03
1.000000047497451305e-03
1.499999962106812745e-05
3.999999898951500654e-05
1.300000003539025784e-04
3.999999898951500654e-04
1.300000003539025784e-04
1.999999949475750327e-04
9.999999747378751636e-06
4.800000169780105352e-05
1.000000047497451305e-03
1.400000019202707335e-05
1.000000047497451305e-03
1.999999949475750327e-05
6.000000052154064178e-03
1.999999949475750327e-05
9.999999974752427079e-07
9.999999776482582092e-03
9.999999747378751636e-06
3.999999898951500654e-04
9.999999747378751636e-05
2.999999924213625491e-05
2.800000074785202742e-04
1.999999949475750327e-04
1.000000047497451305e-03
1.000000047497451305e-03
1.999999949475750327e-05
3.999999989900970832e-06
1.000000047497451305e-03
6.400000074791023508e-06
9.999999974752427079e-07
1.999999949475750327e-04
9.999999747378751636e-06
9.999999974752427079e-07
1.400000019202707335e-05
9.999999747378751636e-05
9.999999747378751636e-05
1.000000047497451305e-03
1.000000047497451305e-03
1.400000037392601371e-04
4.999999873689375818e-05
1.499999966472387314e-02
2.600000007078051567e-03
9.999999747378751636e-06
1.500000071246176958e-04
1.000000047497451305e-03
1.400000019202707335e-05
1.000000047497451305e-03
9.999999776482582092e-03
1.999999949475750327e-04
3.000000026077032089e-03
4.999999873689375818e-05
9.999999974752427079e-07
7.999999979801941663e-06
1.999999949475750327e-04
3.999999898951500654e-04
1.000000047497451305e-03
9.999999747378751636e-05
3.000000026077032089e-03
1.000000011686097423e-07
1.000000047497451305e-03
9.999999974752427079e-07
1.999999949475750327e-04
1.000000047497451305e-03
6.400000074791023508e-06
9.999999747378751636e-05
1.999999949475750327e-05
6.400000074791023508e-06
9.000000189551826679e-10
9.999999747378751636e-06
2.499999936844687909e-05
4.999999888241291046e-03
5.000000000000000000e-01
9.999999747378751636e-05
4.999999888241291046e-03
4.999999987376213539e-07
9.999999747378751636e-05
7.999999797903001308e-04
4.999999873689375818e-05
3.000000106112565845e-07
1.000000047497451305e-03
3.999999898951500654e-05
1.999999949475750327e-05
5.000000237487256527e-04
2.000000023372194846e-07
9.999999747378751636e-05
3.000000106112565845e-07
9.999999939225290291e-09
4.000000189989805222e-03
9.999999747378751636e-05
4.999999888241291046e-03
9.999999939225290291e-09
3.000000106112565845e-07
5.000000237487256527e-04
1.250000018626451492e-02
3.000000106112565845e-06
3.999999898951500654e-05
9.999999747378751636e-06
9.999999747378751636e-06
4.999999873689375818e-06
4.999999980020986001e-12
5.000000058430487115e-08
5.000000237487256527e-04
9.999999747378751636e-06
4.999999987376213539e-07
5.000000000000000000e-01
9.999999747378751636e-05
9.999999939225290291e-09
9.999999747378751636e-05
4.999999888241291046e-03
4.999999888241291046e-03
9.999999747378751636e-06
9.999999717180685366e-10
4.999999873689375818e-05
9.999999747378751636e-05
5.000000237487256527e-04
5.000000066757159800e-11
9.999999939225290291e-09
3.999999989900970832e-06
4.999999888241291046e-03
4.999999873689375818e-05
4.999999987376213539e-07
