# 132 rows
1 1 0 3 0 -1 0 2 0
1 2 0 33 0 -1 0 0 0
1 3 0 74 0 -1 0 1 0
1 4 0 33 0 -1 0 0 0
1 5 0 33 0 -1 0 0 0
1 6 0 33 0 -1 0 0 0
1 8 0 24 25 -1 0 1 1
1 9 0 24 58 -1 0 1 1
1 10 0 29 18 -1 0 1 1
1 11 0 44 0 -1 0 1 0
1 12 0 33 0 -1 0 0 0
1 13 0 28 0 -1 0 1 0
1 15 0 71 0 -1 0 1 0
1 16 0 20 0 0 0 1 0
1 16 0 56 0 0 0 1 0
1 17 0 33 0 -1 0 0 0
1 19 0 0 25 -1 0 1 1
1 20 0 33 0 -1 0 0 0
1 21 0 29 57 -1 0 1 1
1 22 0 10 48 -1 0 1 1
1 23 0 33 0 -1 0 0 0
1 25 0 33 0 -1 0 0 0
1 26 0 33 0 -1 0 0 0
1 27 0 59 0 -1 0 1 0
1 30 0 33 0 -1 0 0 0
1 31 0 28 0 -1 0 1 0
1 31 0 49 0 -1 0 1 0
1 32 0 33 0 -1 0 0 0
1 34 0 33 0 -1 0 0 0
1 36 0 41 0 -1 0 1 0
1 37 0 4 73 -1 0 1 1
1 39 0 2 73 -1 0 1 1
1 40 0 33 0 -1 0 0 0
1 43 0 48 18 -1 0 1 1
1 45 0 3 27 -1 0 1 1
1 46 0 33 0 -1 0 0 0
1 47 0 2 0 0 0 1 0
1 47 0 4 0 0 0 1 0
1 47 0 6 0 0 0 1 0
1 47 0 12 0 0 0 1 0
1 47 0 17 0 0 0 1 0
1 47 0 20 0 0 0 1 0
1 47 0 23 0 0 0 1 0
1 47 0 30 0 0 0 1 0
1 47 0 32 0 0 0 1 0
1 47 0 34 0 0 0 1 0
1 47 0 35 0 0 0 1 0
1 47 0 48 0 0 0 1 0
1 47 0 51 0 0 0 1 0
1 47 0 55 0 0 0 1 0
1 47 0 58 0 0 0 1 0
1 47 0 59 0 0 0 1 0
1 47 0 61 0 0 0 1 0
1 47 0 63 0 0 0 1 0
1 47 0 64 0 0 0 1 0
1 47 0 68 0 0 0 1 0
1 47 0 74 0 0 0 1 0
1 48 0 33 0 -1 0 0 0
1 49 0 13 0 -1 0 1 0
1 51 0 33 0 -1 0 0 0
1 53 0 2 75 -1 0 1 1
1 54 0 75 4 -1 0 1 1
1 55 0 33 0 -1 0 0 0
1 56 0 33 0 -1 0 0 0
1 57 0 7 26 -1 0 1 1
1 58 0 33 0 -1 0 0 0
1 59 0 33 0 -1 0 0 0
1 60 0 4 5 -1 0 1 1
1 62 0 17 2 -1 0 1 1
1 63 0 33 0 -1 0 0 0
1 65 0 26 42 -1 0 1 1
1 67 0 2 5 -1 0 1 1
1 68 0 33 0 -1 0 0 0
1 69 0 40 52 -1 0 1 1
1 70 0 4 17 -1 0 1 1
1 73 0 33 0 -1 0 0 0
1 74 0 33 0 -1 0 0 0
1 75 0 33 0 -1 0 0 0
2 0 25 19 0 -1 -1 1 0
2 2 73 39 0 -1 -1 1 0
2 2 75 53 0 -1 -1 1 0
2 2 5 67 0 -1 -1 1 0
2 3 27 45 0 -1 -1 1 0
2 4 75 54 0 -1 -1 1 0
2 4 5 60 0 -1 -1 1 0
2 7 26 57 0 -1 -1 1 0
2 10 48 22 0 -1 -1 1 0
2 11 6 44 0 -1 0 1 0
2 15 51 71 0 -1 0 1 0
2 17 2 62 0 -1 -1 1 0
2 17 4 70 0 -1 -1 1 0
2 18 48 43 0 -1 -1 1 0
2 21 18 10 0 -1 -1 1 0
2 24 25 8 0 -1 -1 1 0
2 24 58 9 0 -1 -1 1 0
2 27 51 59 0 -1 0 1 0
2 28 36 31 0 -1 0 1 0
2 29 57 21 0 -1 -1 1 0
2 31 55 28 0 -1 0 1 0
2 35 46 73 0 -1 0 1 0
2 36 55 41 0 -1 0 1 0
2 38 17 66 72 -1 0 1 1
2 40 52 69 0 -1 -1 1 0
2 41 8 36 0 -1 0 1 0
2 42 26 65 0 -1 -1 1 0
2 44 10 11 0 -1 0 1 0
2 47 45 6 0 -1 0 1 0
2 47 45 12 0 -1 0 1 0
2 47 45 20 0 -1 0 1 0
2 47 45 23 0 -1 0 1 0
2 47 45 30 0 -1 0 1 0
2 47 45 32 0 -1 0 1 0
2 47 45 34 0 -1 0 1 0
2 47 45 40 0 -1 0 1 0
2 47 45 46 0 -1 0 1 0
2 47 45 48 0 -1 0 1 0
2 47 45 51 0 -1 0 1 0
2 47 45 56 0 -1 0 1 0
2 47 49 56 0 -1 0 1 0
2 47 49 68 0 -1 0 1 0
2 49 55 13 0 -1 0 1 0
2 59 11 27 0 -1 0 1 0
2 61 73 5 0 -1 0 1 0
2 64 46 75 0 -1 0 1 0
2 64 73 75 0 -1 0 1 0
2 66 5 50 0 -1 0 1 0
2 66 75 50 0 -1 0 1 0
2 71 10 15 0 -1 0 1 0
2 73 4 37 0 -1 -1 1 0
2 74 15 3 0 -1 0 1 0
3 3 0 1 0 -2 0 1 0
3 47 0 68 0 -1 0 1 0
